{
 "cells": [
  {
   "cell_type": "code",
   "execution_count": null,
   "metadata": {},
   "outputs": [],
   "source": [
    "import numpy as np\n",
    "import matplotlib.pyplot as plt\n",
    "from sklearn import datasets, metrics\n",
    "from sklearn.model_selection import train_test_split\n",
    "from sklearn.svm import SVC\n",
    "import joblib\n",
    "# Load the digits dataset\n",
    "digits = datasets.load_digits()"
   ]
  },
  {
   "cell_type": "code",
   "execution_count": null,
   "metadata": {},
   "outputs": [],
   "source": [
    "digits = datasets.load_digits()\n",
    "\n",
    "_, axes = plt.subplots(nrows=1, ncols=10, figsize=(10, 3))\n",
    "for ax, image, label in zip(axes, digits.images, digits.target):\n",
    "    ax.set_axis_off()\n",
    "    ax.imshow(image, cmap=plt.cm.gray_r, interpolation=\"nearest\")\n",
    "    ax.set_title(\"Train: %i\" % label)"
   ]
  },
  {
   "cell_type": "code",
   "execution_count": null,
   "metadata": {},
   "outputs": [],
   "source": [
    "digits = datasets.load_digits()\n",
    "digits.data = digits.data/np.max(digits.data)\n",
    "# Split data into 50% train and 50% test subsets\n",
    "X_train, X_test, y_train, y_test = train_test_split(\n",
    "    digits.data, digits.target, test_size=1/5, shuffle=True, random_state=42\n",
    ")"
   ]
  },
  {
   "cell_type": "code",
   "execution_count": null,
   "metadata": {},
   "outputs": [],
   "source": [
    "from sklearn.model_selection import GridSearchCV\n",
    "from sklearn.svm import SVC\n",
    "\n",
    "# Create a support vector classifier\n",
    "svc = SVC(probability=True)\n",
    "\n",
    "# Define the hyperparameters and their values to experiment with\n",
    "param_grid = {\n",
    "    'C': [0.1, 1, 10],\n",
    "    'kernel': ['rbf', 'poly'],\n",
    "    'degree': [1, 2, 3],\n",
    "    'gamma': ['scale', 'auto', 1, 0.1, 0.01, 0.001]\n",
    "\n",
    "}\n",
    "# Perform grid search to find the best combination of hyperparameter values\n",
    "grid_search_svm = GridSearchCV(svc, param_grid, cv=5)\n",
    "grid_search_svm.fit(X_train, y_train)\n",
    "\n",
    "# Get the best hyperparameters\n",
    "best_params = grid_search_svm.best_params_\n",
    "print(\"Best hyperparameters:\", best_params)\n",
    "print(\"Best score:\", grid_search_svm.best_score_)\n"
   ]
  },
  {
   "cell_type": "code",
   "execution_count": null,
   "metadata": {},
   "outputs": [],
   "source": [
    "from xgboost import XGBClassifier\n",
    "# Define parameter grid\n",
    "param_grid = {\n",
    "    'max_depth': [3,5,7],\n",
    "    'learning_rate': [0.1, 0.01, 0.05],\n",
    "    'n_estimators': [100, 300, 500],\n",
    "    'subsample': [0.6, 0.8, 1.0],\n",
    "    'colsample_bytree': [0.6, 0.8, 1.0]\n",
    "}\n",
    "\n",
    "# Create XGBClassifier\n",
    "model = XGBClassifier(objective='multi:softmax', random_state=42, n_jobs=1)\n",
    "\n",
    "# Perform grid search\n",
    "grid_search_xgb = GridSearchCV(estimator=model, param_grid=param_grid, cv=5, n_jobs=-1)\n",
    "grid_search_xgb.fit(X_train, y_train)\n",
    "\n",
    "# Print best score and parameters\n",
    "print(f\"Best score: {grid_search_xgb.best_score_:.3f}\")\n",
    "print(f\"Best parameters: {grid_search_xgb.best_params_}\")"
   ]
  },
  {
   "cell_type": "code",
   "execution_count": null,
   "metadata": {},
   "outputs": [],
   "source": [
    "# Use the best model for prediction\n",
    "best_model = grid_search_svm.best_estimator_\n",
    "\n",
    "# Make predictions on the test set\n",
    "predictions = best_model.predict(X_test)\n",
    "\n",
    "# Print the classification report\n",
    "print(\"Classification report for classifier %s:\\n%s\\n\" % (best_model, metrics.classification_report(y_test, predictions)))\n"
   ]
  },
  {
   "cell_type": "code",
   "execution_count": 35,
   "metadata": {},
   "outputs": [
    {
     "data": {
      "text/html": [
       "<table id=\"itables_122d4c53_8d79_4c0f_8204_43e57a348a56\" class=\"display nowrap\" data-quarto-disable-processing=\"true\" style=\"table-layout:auto;width:auto;margin:auto;caption-side:bottom\">\n",
       "<thead>\n",
       "    <tr style=\"text-align: right;\">\n",
       "      \n",
       "      <th>0</th>\n",
       "      <th>1</th>\n",
       "      <th>2</th>\n",
       "      <th>3</th>\n",
       "      <th>4</th>\n",
       "      <th>5</th>\n",
       "      <th>6</th>\n",
       "      <th>7</th>\n",
       "      <th>8</th>\n",
       "      <th>9</th>\n",
       "    </tr>\n",
       "  </thead><tbody><tr>\n",
       "<td style=\"vertical-align:middle; text-align:left\">\n",
       "<div style=\"float:left; margin-right: 10px;\">\n",
       "<a href=https://mwouts.github.io/itables/><svg class=\"main-svg\" xmlns=\"http://www.w3.org/2000/svg\" xmlns:xlink=\"http://www.w3.org/1999/xlink\"\n",
       "width=\"64\" viewBox=\"0 0 500 400\" style=\"font-family: 'Droid Sans', sans-serif;\">\n",
       "    <g style=\"fill:#d9d7fc\">\n",
       "        <path d=\"M100,400H500V357H100Z\" />\n",
       "        <path d=\"M100,300H400V257H100Z\" />\n",
       "        <path d=\"M0,200H400V157H0Z\" />\n",
       "        <path d=\"M100,100H500V57H100Z\" />\n",
       "        <path d=\"M100,350H500V307H100Z\" />\n",
       "        <path d=\"M100,250H400V207H100Z\" />\n",
       "        <path d=\"M0,150H400V107H0Z\" />\n",
       "        <path d=\"M100,50H500V7H100Z\" />\n",
       "    </g>\n",
       "    <g style=\"fill:#1a1366;stroke:#1a1366;\">\n",
       "   <rect x=\"100\" y=\"7\" width=\"400\" height=\"43\">\n",
       "    <animate\n",
       "      attributeName=\"width\"\n",
       "      values=\"0;400;0\"\n",
       "      dur=\"5s\"\n",
       "      repeatCount=\"indefinite\" />\n",
       "      <animate\n",
       "      attributeName=\"x\"\n",
       "      values=\"100;100;500\"\n",
       "      dur=\"5s\"\n",
       "      repeatCount=\"indefinite\" />\n",
       "  </rect>\n",
       "        <rect x=\"0\" y=\"107\" width=\"400\" height=\"43\">\n",
       "    <animate\n",
       "      attributeName=\"width\"\n",
       "      values=\"0;400;0\"\n",
       "      dur=\"3.5s\"\n",
       "      repeatCount=\"indefinite\" />\n",
       "    <animate\n",
       "      attributeName=\"x\"\n",
       "      values=\"0;0;400\"\n",
       "      dur=\"3.5s\"\n",
       "      repeatCount=\"indefinite\" />\n",
       "  </rect>\n",
       "        <rect x=\"100\" y=\"207\" width=\"300\" height=\"43\">\n",
       "    <animate\n",
       "      attributeName=\"width\"\n",
       "      values=\"0;300;0\"\n",
       "      dur=\"3s\"\n",
       "      repeatCount=\"indefinite\" />\n",
       "    <animate\n",
       "      attributeName=\"x\"\n",
       "      values=\"100;100;400\"\n",
       "      dur=\"3s\"\n",
       "      repeatCount=\"indefinite\" />\n",
       "  </rect>\n",
       "        <rect x=\"100\" y=\"307\" width=\"400\" height=\"43\">\n",
       "    <animate\n",
       "      attributeName=\"width\"\n",
       "      values=\"0;400;0\"\n",
       "      dur=\"4s\"\n",
       "      repeatCount=\"indefinite\" />\n",
       "      <animate\n",
       "      attributeName=\"x\"\n",
       "      values=\"100;100;500\"\n",
       "      dur=\"4s\"\n",
       "      repeatCount=\"indefinite\" />\n",
       "  </rect>\n",
       "        <g style=\"fill:transparent;stroke-width:8; stroke-linejoin:round\" rx=\"5\">\n",
       "            <g transform=\"translate(45 50) rotate(-45)\">\n",
       "                <circle r=\"33\" cx=\"0\" cy=\"0\" />\n",
       "                <rect x=\"-8\" y=\"32\" width=\"16\" height=\"30\" />\n",
       "            </g>\n",
       "\n",
       "            <g transform=\"translate(450 152)\">\n",
       "                <polyline points=\"-15,-20 -35,-20 -35,40 25,40 25,20\" />\n",
       "                <rect x=\"-15\" y=\"-40\" width=\"60\" height=\"60\" />\n",
       "            </g>\n",
       "\n",
       "            <g transform=\"translate(50 352)\">\n",
       "                <polygon points=\"-35,-5 0,-40 35,-5\" />\n",
       "                <polygon points=\"-35,10 0,45 35,10\" />\n",
       "            </g>\n",
       "\n",
       "            <g transform=\"translate(75 250)\">\n",
       "                <polyline points=\"-30,30 -60,0 -30,-30\" />\n",
       "                <polyline points=\"0,30 -30,0 0,-30\" />\n",
       "            </g>\n",
       "\n",
       "            <g transform=\"translate(425 250) rotate(180)\">\n",
       "                <polyline points=\"-30,30 -60,0 -30,-30\" />\n",
       "                <polyline points=\"0,30 -30,0 0,-30\" />\n",
       "            </g>\n",
       "        </g>\n",
       "    </g>\n",
       "</svg>\n",
       "</a>\n",
       "</div>\n",
       "<div>\n",
       "Loading ITables v2.1.3 from the internet...\n",
       "(need <a href=https://mwouts.github.io/itables/troubleshooting.html>help</a>?)</td>\n",
       "</div>\n",
       "</tr></tbody>\n",
       "\n",
       "</table>\n",
       "<link href=\"https://www.unpkg.com/dt_for_itables@2.0.11/dt_bundle.css\" rel=\"stylesheet\">\n",
       "<script type=\"module\">\n",
       "    import {DataTable, jQuery as $} from 'https://www.unpkg.com/dt_for_itables@2.0.11/dt_bundle.js';\n",
       "\n",
       "    document.querySelectorAll(\"#itables_122d4c53_8d79_4c0f_8204_43e57a348a56:not(.dataTable)\").forEach(table => {\n",
       "        // Define the table data\n",
       "        const data = [[0.003727, 0.00167, 0.000854, 0.001124, 0.002001, 0.002641, 0.978205, 0.001139, 0.005367, 0.003271], [0.001344, 0.000499, 0.000743, 0.002516, 0.002408, 0.06653, 0.000424, 0.001442, 0.00124, 0.922855], [0.000316, 0.000167, 0.000465, 0.996232, 0.000277, 0.000289, 0.00029, 0.000325, 0.000892, 0.000746], [0.00332, 0.00278, 0.003782, 0.005461, 0.004494, 0.010756, 0.001805, 0.924961, 0.009162, 0.033479], [0.004282, 0.00577, 0.892811, 0.038454, 0.001811, 0.005943, 0.010043, 0.004358, 0.025474, 0.011054], [0.001889, 0.886527, 0.058225, 0.003421, 0.004102, 0.014501, 0.00481, 0.002145, 0.014168, 0.010213], [0.000583, 0.000483, 0.000515, 0.004304, 0.000367, 0.982636, 0.000832, 0.000998, 0.002646, 0.006635], [0.00181, 0.003436, 0.946852, 0.03013, 0.001456, 0.002147, 0.001326, 0.004707, 0.003701, 0.004435], [0.000238, 0.000304, 0.000392, 0.003334, 0.001803, 0.984849, 0.0006, 0.001799, 0.001576, 0.005106], [0.003388, 0.006277, 0.762705, 0.088097, 0.011406, 0.033061, 0.003553, 0.06525, 0.018217, 0.008046], [0.001046, 0.790305, 0.077054, 0.070371, 0.004157, 0.003216, 0.002025, 0.008701, 0.036644, 0.006482], [0.00456, 0.013997, 0.002746, 0.003344, 0.042785, 0.011074, 0.010003, 0.028492, 0.077207, 0.805793], [0.00091, 0.009727, 0.001087, 0.000757, 0.967134, 0.004251, 0.003495, 0.00811, 0.003438, 0.001091], [0.988171, 0.000488, 0.001998, 0.001429, 0.000834, 0.002238, 0.000911, 0.00077, 0.001191, 0.001968], [0.001813, 0.000213, 0.00045, 0.000452, 0.992066, 0.001171, 0.001766, 0.001335, 0.000507, 0.000226], [0.000756, 0.000269, 0.994027, 0.00189, 0.000421, 0.00057, 0.000406, 0.000632, 0.000474, 0.000557], [0.000109, 0.000173, 0.00032, 0.997372, 0.000176, 0.000363, 0.000215, 0.000329, 0.000385, 0.000558], [0.000256, 0.000605, 0.0007, 0.006141, 0.000764, 0.001143, 0.000374, 0.987829, 0.000794, 0.001394], [0.000206, 0.000347, 0.001265, 0.003798, 0.000471, 0.001162, 0.000419, 0.001341, 0.979212, 0.011779], [0.000961, 0.001249, 0.002343, 0.001536, 0.007989, 0.003127, 0.001751, 0.002508, 0.97415, 0.004385], [0.000489, 0.001064, 0.000569, 0.001144, 0.989516, 0.00062, 0.002587, 0.001257, 0.00167, 0.001084], [0.000258, 8.2e-05, 0.001362, 0.996268, 0.00013, 0.000563, 0.000119, 0.000173, 0.000225, 0.00082], [0.001223, 0.00195, 0.00092, 0.004659, 0.00373, 0.078918, 0.000357, 0.001053, 0.001849, 0.90534], [0.000704, 0.001055, 0.001568, 0.001766, 0.00118, 0.000273, 0.000988, 0.989295, 0.00259, 0.00058], [0.000942, 0.009232, 0.001874, 0.001418, 0.004597, 0.961105, 0.004337, 0.000901, 0.006321, 0.009272], [0.004262, 0.003304, 0.004786, 0.001412, 0.003587, 0.003449, 0.97111, 0.001154, 0.005743, 0.001193], [0.000704, 0.00052, 0.003178, 0.989362, 0.000553, 0.001044, 0.001934, 0.001006, 0.000616, 0.001083], [0.000181, 0.001389, 0.000663, 0.002039, 0.00032, 0.98844, 0.000778, 0.000568, 0.002606, 0.003017], [0.003339, 0.001385, 0.001428, 0.001596, 0.003956, 0.007289, 0.974184, 0.001213, 0.003539, 0.002071], [0.004476, 0.004746, 0.00819, 0.881712, 0.002387, 0.010923, 0.00936, 0.003156, 0.007543, 0.067508], [0.004324, 0.001122, 0.000697, 0.001046, 0.984132, 0.003051, 0.00273, 0.000838, 0.001001, 0.001058], [0.001518, 0.000799, 0.002781, 0.016127, 0.00049, 0.002154, 0.001254, 0.00165, 0.005174, 0.968053], [0.002124, 0.873985, 0.062676, 0.023269, 0.00397, 0.003654, 0.007543, 0.002412, 0.013952, 0.006417], [0.011182, 0.001922, 0.000608, 0.000599, 0.974544, 0.002156, 0.00629, 0.001078, 0.000961, 0.000659], [0.002919, 0.001359, 0.001324, 0.001707, 0.968332, 0.004824, 0.003294, 0.005164, 0.006614, 0.004463], [0.001118, 0.001443, 0.000494, 0.001402, 0.00064, 0.001568, 0.988178, 0.000311, 0.00379, 0.001055], [0.001624, 0.000326, 0.000583, 0.001295, 0.000268, 0.005728, 0.000343, 0.000402, 0.002092, 0.987338], [0.000299, 0.000231, 0.000345, 0.000353, 0.994967, 0.000558, 0.001082, 0.001503, 0.000496, 0.000166], [0.001112, 0.002162, 0.002325, 0.004065, 0.001952, 0.000862, 0.000927, 0.979615, 0.005345, 0.001634], [0.000812, 0.000601, 0.000421, 0.000304, 0.000728, 0.000349, 0.995038, 0.000262, 0.001146, 0.00034], [0.001532, 0.001002, 0.000731, 0.000957, 0.001432, 0.001356, 0.987554, 0.00083, 0.002601, 0.002005], [0.001467, 0.003089, 0.001358, 0.007575, 0.001374, 0.020557, 0.00082, 0.000839, 0.002629, 0.960291], [0.000255, 0.993708, 0.001112, 0.000403, 0.001111, 0.000897, 0.000593, 0.000557, 0.000944, 0.000418], [0.002264, 0.000737, 0.001203, 0.977218, 0.000842, 0.0029, 0.001098, 0.00083, 0.00384, 0.009068], [0.018159, 0.006329, 0.006768, 0.001569, 0.01036, 0.005267, 0.944314, 0.00115, 0.005228, 0.000855], [0.000457, 0.961956, 0.001143, 0.002747, 0.000908, 0.001943, 0.002179, 0.001038, 0.014625, 0.013004], [0.000216, 0.000661, 0.000444, 0.996781, 0.000288, 0.000268, 0.000252, 0.000159, 0.00029, 0.00064], [0.974206, 0.000999, 0.001741, 0.002074, 0.001517, 0.012444, 0.001135, 0.00106, 0.00154, 0.003284], [0.003268, 0.001041, 0.002301, 0.002717, 0.002601, 0.002269, 0.976677, 0.001398, 0.00617, 0.001557], [0.001401, 0.000274, 0.001212, 0.002386, 0.000268, 0.985593, 0.001667, 0.000423, 0.003721, 0.003055], [0.001145, 0.004991, 0.001055, 0.004613, 0.003394, 0.941037, 0.00148, 0.01395, 0.004546, 0.02379], [0.000557, 0.990215, 0.001003, 0.00065, 0.001885, 0.000814, 0.001409, 0.000831, 0.001471, 0.001166], [0.005121, 0.020739, 0.014802, 0.308656, 0.00872, 0.013869, 0.011209, 0.009101, 0.022078, 0.585706], [0.000308, 0.000507, 0.000559, 0.002715, 0.000181, 0.989095, 0.001053, 0.000292, 0.002001, 0.003289], [0.005784, 0.001936, 0.001641, 0.005859, 0.002468, 0.015806, 0.946642, 0.002486, 0.012896, 0.004482], [0.983444, 0.00047, 0.001025, 0.001466, 0.000498, 0.002135, 0.006557, 0.000566, 0.002051, 0.001787], [0.001414, 0.00725, 0.004984, 0.015974, 0.001242, 0.030525, 0.002583, 0.001055, 0.0031, 0.931874], [0.93607, 0.004503, 0.006222, 0.00159, 0.012221, 0.009969, 0.009291, 0.005933, 0.011577, 0.002625], [0.963307, 0.001094, 0.002293, 0.002621, 0.001107, 0.004117, 0.010773, 0.001299, 0.005257, 0.008133], [0.000508, 0.953391, 0.000682, 0.002209, 0.012989, 0.002945, 0.001653, 0.000894, 0.017312, 0.007417], [0.744224, 0.006951, 0.018195, 0.027365, 0.027291, 0.063409, 0.00848, 0.051012, 0.018244, 0.034827], [0.001334, 0.000462, 0.000362, 0.000296, 0.992781, 0.000512, 0.00197, 0.001001, 0.000969, 0.000314], [0.000331, 0.001762, 0.000253, 0.000972, 0.00121, 0.980284, 0.000489, 0.000854, 0.002277, 0.011569], [0.000863, 0.002541, 0.972809, 0.005871, 0.001709, 0.004702, 0.002595, 0.000744, 0.004445, 0.003722], [0.000753, 0.000946, 0.000558, 0.000923, 0.977883, 0.003893, 0.01131, 0.000641, 0.002193, 0.0009], [0.000423, 0.000159, 0.000747, 0.003096, 0.000127, 0.989455, 0.000481, 0.000435, 0.000728, 0.00435], [0.000751, 0.001494, 0.000904, 0.003053, 0.012373, 0.005201, 0.001916, 0.962017, 0.008746, 0.003545], [0.904957, 0.006104, 0.00154, 0.00326, 0.003221, 0.031205, 0.011192, 0.001653, 0.014675, 0.022194], [0.00108, 0.00102, 0.001618, 0.001843, 0.005464, 0.001648, 0.000804, 0.977805, 0.006404, 0.002315], [0.001837, 0.002626, 0.000671, 0.00618, 0.003406, 0.908388, 0.007034, 0.002575, 0.022093, 0.045189], [0.002283, 0.000465, 0.00049, 0.001983, 0.001228, 0.007879, 0.00135, 0.002002, 0.002911, 0.979408], [0.006429, 0.005527, 0.012892, 0.104614, 0.004162, 0.576023, 0.020559, 0.004544, 0.021176, 0.244074], [0.003111, 0.001278, 0.001301, 0.007359, 0.001097, 0.946705, 0.017672, 0.000737, 0.009082, 0.011658], [0.001401, 0.002224, 0.001209, 0.000665, 0.983006, 0.001396, 0.003172, 0.003985, 0.001909, 0.001033], [0.000318, 0.000457, 0.000993, 0.000992, 0.000995, 0.000777, 0.000409, 0.993236, 0.000968, 0.000856], [0.961523, 0.001034, 0.00264, 0.001573, 0.002057, 0.003127, 0.020031, 0.000922, 0.002492, 0.004601], [0.003976, 0.066131, 0.00831, 0.014166, 0.779523, 0.007164, 0.032947, 0.056572, 0.021679, 0.009532], [0.005028, 0.010478, 0.006368, 0.002776, 0.003289, 0.934562, 0.012346, 0.004298, 0.01565, 0.005205], [0.006661, 0.001893, 0.001929, 0.003054, 0.003086, 0.957276, 0.003373, 0.001897, 0.006684, 0.014147], [0.0075, 0.001038, 0.007105, 0.01254, 0.001158, 0.008444, 0.000623, 0.002442, 0.003152, 0.955999], [0.000987, 0.000412, 0.000788, 0.002748, 0.000295, 0.007498, 0.000984, 0.000739, 0.004948, 0.980602], [0.899718, 0.011072, 0.003431, 0.010838, 0.004759, 0.020711, 0.006287, 0.002748, 0.014636, 0.0258], [0.000264, 0.000725, 0.991536, 0.001381, 0.000918, 0.001672, 0.000528, 0.001249, 0.000738, 0.00099], [0.001161, 0.000459, 0.00847, 0.98086, 0.000451, 0.002694, 0.000288, 0.001399, 0.001301, 0.002916], [0.000481, 7.8e-05, 0.000156, 0.001402, 9.7e-05, 0.000625, 0.001017, 0.00015, 0.992777, 0.003218], [0.991964, 0.000326, 0.000651, 0.00083, 0.000971, 0.00145, 0.000873, 0.000709, 0.000758, 0.001468], [0.00144, 0.001613, 0.000969, 0.000749, 0.002242, 0.002127, 0.982792, 0.001305, 0.004756, 0.002007], [0.001006, 0.002053, 0.000425, 0.000368, 0.982092, 0.005117, 0.005447, 0.001826, 0.001227, 0.00044], [0.001975, 0.000502, 0.000532, 0.000435, 0.986284, 0.002408, 0.004635, 0.001589, 0.001312, 0.000328], [0.000964, 0.007119, 0.001957, 0.067102, 0.000779, 0.007434, 0.000474, 0.000915, 0.002187, 0.911069], [0.000295, 0.960124, 0.0021, 0.003873, 0.003657, 0.007197, 0.000955, 0.00086, 0.01109, 0.009851], [0.0008, 0.000559, 0.99035, 0.001709, 0.000839, 0.000982, 0.000807, 0.001308, 0.001084, 0.001561], [0.000256, 0.009681, 0.001436, 0.001717, 0.00084, 0.000146, 0.004173, 0.000925, 0.979494, 0.001333], [0.000162, 0.000326, 0.00045, 0.995615, 0.000199, 0.000426, 0.000148, 0.000819, 0.000246, 0.001607], [0.003793, 0.002982, 0.001665, 0.005311, 0.001345, 0.931162, 0.002371, 0.001824, 0.00494, 0.044607], [0.001592, 0.007833, 0.937776, 0.021007, 0.002303, 0.008987, 0.003353, 0.001619, 0.003803, 0.011728], [0.001773, 0.000668, 0.001456, 0.028055, 0.000507, 0.032787, 0.000632, 0.000922, 0.011968, 0.921232], [0.743019, 0.023415, 0.013605, 0.005587, 0.100046, 0.010434, 0.037293, 0.018492, 0.034761, 0.013348], [0.006044, 0.001536, 0.001347, 0.00226, 0.93636, 0.031576, 0.006463, 0.004336, 0.00543, 0.004648], [0.002282, 0.003279, 0.001397, 0.001401, 0.961013, 0.002811, 0.006274, 0.014736, 0.005472, 0.001335], [0.000518, 0.034718, 0.001414, 0.001807, 0.933619, 0.001825, 0.009324, 0.010533, 0.004508, 0.001734], [0.000323, 0.000118, 0.000317, 0.991496, 0.000254, 0.0023, 0.000148, 0.000437, 0.000539, 0.004068], [0.00337, 0.001292, 0.000712, 0.005486, 0.011187, 0.951949, 0.000747, 0.003649, 0.002569, 0.019038], [0.000873, 0.001969, 0.009793, 0.966632, 0.00071, 0.001795, 0.000271, 0.009015, 0.002065, 0.006877], [0.000357, 0.981252, 0.00032, 0.00079, 0.002582, 0.001469, 0.000768, 0.001634, 0.003099, 0.007729], [0.00159, 0.001984, 0.001134, 0.980723, 0.001486, 0.001276, 0.001375, 0.001667, 0.004008, 0.004757], [0.000178, 0.000393, 0.000257, 0.001176, 0.002093, 0.987278, 0.000626, 0.002617, 0.001526, 0.003856], [0.001412, 0.007934, 0.001632, 0.001939, 0.010807, 0.006556, 0.00219, 0.016505, 0.016272, 0.934752], [0.004866, 0.004177, 0.001143, 0.00109, 0.974955, 0.001137, 0.002661, 0.006207, 0.002758, 0.001005], [0.000696, 0.003587, 0.9751, 0.008446, 0.000948, 0.002656, 0.001331, 0.000999, 0.001699, 0.004538], [0.000357, 0.001106, 0.001708, 0.019581, 0.00068, 0.00124, 0.00035, 0.971174, 0.001372, 0.002433], [0.000451, 0.000881, 0.000669, 0.000833, 0.000818, 0.000326, 0.000654, 0.994298, 0.000843, 0.000229], [0.002515, 0.001203, 0.001877, 0.001091, 0.968503, 0.001459, 0.004563, 0.012127, 0.005228, 0.001436], [0.000936, 0.00061, 0.000336, 0.000625, 0.988511, 0.003296, 0.003646, 0.000854, 0.000803, 0.000382], [0.000693, 0.959162, 0.000407, 0.002063, 0.011958, 0.002495, 0.00867, 0.000789, 0.011223, 0.00254], [0.001231, 0.00044, 0.000576, 0.007798, 0.000287, 0.009553, 0.000232, 0.000687, 0.000566, 0.97863], [0.004333, 0.00429, 0.925454, 0.005689, 0.002002, 0.000931, 0.004016, 0.005033, 0.044623, 0.003628], [0.000563, 0.001313, 0.003439, 0.002986, 0.003698, 0.002017, 0.000895, 0.978343, 0.004179, 0.002568], [0.018931, 0.00205, 0.001807, 0.011425, 0.005285, 0.019257, 0.018097, 0.006849, 0.708732, 0.207566], [0.000779, 0.001325, 0.000551, 0.003075, 0.003366, 0.000935, 0.000614, 0.97923, 0.003747, 0.006377], [0.000203, 0.00013, 0.997416, 0.000759, 0.00018, 0.000336, 0.000245, 0.000237, 0.000138, 0.000355], [0.00125, 0.000887, 0.000402, 0.000811, 0.001327, 0.002071, 0.990476, 0.000273, 0.001685, 0.000818], [0.018784, 0.001147, 0.002332, 0.009626, 0.003445, 0.034326, 0.000954, 0.006833, 0.005016, 0.917537], [0.001757, 0.008096, 0.001375, 0.003449, 0.91478, 0.007907, 0.01845, 0.006618, 0.01633, 0.021237], [0.750937, 0.01219, 0.062377, 0.03914, 0.010288, 0.018497, 0.058, 0.006308, 0.019161, 0.023102], [0.000916, 0.00254, 0.004789, 0.005142, 0.002897, 0.001631, 0.001624, 0.975983, 0.003509, 0.000969], [0.008342, 0.00536, 0.848303, 0.062878, 0.00208, 0.009761, 0.0087, 0.003633, 0.033222, 0.017721], [0.001149, 0.000395, 0.000846, 0.000682, 0.000684, 0.000252, 0.001024, 0.993594, 0.001012, 0.000363], [0.000758, 0.000879, 0.002696, 0.004471, 0.001584, 0.959173, 0.001536, 0.002326, 0.008563, 0.018015], [0.001404, 0.004275, 0.003843, 0.004339, 0.001168, 0.000633, 0.032277, 0.000948, 0.947237, 0.003876], [0.002034, 0.00334, 0.00449, 0.005186, 0.00503, 0.002985, 0.002211, 0.953769, 0.016292, 0.004663], [0.000489, 0.000449, 0.000965, 0.005724, 0.001616, 0.978047, 0.000243, 0.001516, 0.001332, 0.00962], [0.000792, 0.002206, 0.002466, 0.002362, 0.005003, 0.00285, 0.001012, 0.971411, 0.005369, 0.006529], [0.01775, 0.017737, 0.020272, 0.023271, 0.011218, 0.051809, 0.003077, 0.181029, 0.039618, 0.634218], [0.970873, 0.001874, 0.001434, 0.002519, 0.003497, 0.00917, 0.002711, 0.001753, 0.002738, 0.003432], [0.004536, 0.000845, 0.001225, 0.001978, 0.001687, 0.002334, 0.980803, 0.001065, 0.004241, 0.001285], [0.002577, 0.001681, 0.002122, 0.000742, 0.000717, 0.001249, 0.986261, 0.00041, 0.003672, 0.000569], [0.007481, 0.001791, 0.000589, 0.000506, 0.974538, 0.004686, 0.004759, 0.002181, 0.0026, 0.00087], [0.00026, 0.000561, 0.996113, 0.001043, 0.000205, 0.000156, 0.000875, 0.000278, 0.000241, 0.000267], [0.000364, 0.000705, 7.3e-05, 0.000115, 0.000505, 0.000919, 0.000343, 0.000337, 0.992248, 0.004392], [0.979744, 0.000984, 0.004904, 0.002689, 0.000938, 0.001688, 0.003895, 0.000689, 0.002321, 0.002147], [0.000192, 0.000141, 0.000377, 0.006014, 0.000239, 0.002421, 0.000311, 0.000338, 0.001427, 0.988541], [0.000378, 0.0013, 0.000547, 0.001097, 0.988243, 0.001288, 0.001621, 0.003318, 0.001142, 0.001065], [0.032989, 0.001577, 0.001569, 0.00278, 0.005554, 0.005779, 0.942255, 0.001201, 0.002472, 0.003823], [0.004984, 0.003851, 0.002336, 0.006789, 0.011345, 0.016698, 0.002991, 0.002471, 0.086089, 0.862446], [0.003348, 0.004504, 0.00152, 0.002369, 0.0066, 0.021028, 0.001828, 0.010062, 0.015092, 0.933651], [0.004949, 0.001678, 0.00307, 0.002677, 0.005078, 0.004351, 0.96659, 0.00221, 0.0075, 0.001896], [0.000867, 0.002005, 0.001718, 0.002826, 0.000807, 0.001048, 0.001417, 0.000573, 0.001847, 0.986892], [0.939698, 0.001417, 0.004758, 0.006543, 0.002921, 0.004302, 0.015956, 0.002266, 0.008028, 0.014111], [0.005359, 0.045121, 0.003933, 0.167393, 0.013608, 0.61447, 0.032506, 0.004011, 0.029271, 0.084329], [0.004437, 0.001501, 0.002734, 0.014375, 0.001006, 0.929249, 0.004818, 0.000965, 0.015302, 0.025614], [0.006022, 0.002701, 0.00192, 0.001544, 0.001398, 0.002329, 0.974264, 0.000754, 0.00785, 0.001217], [0.001822, 0.000403, 0.00025, 0.000539, 0.000948, 0.000639, 0.993252, 0.00025, 0.001455, 0.000443], [0.928638, 0.003138, 0.00589, 0.006134, 0.002253, 0.022402, 0.007921, 0.002758, 0.008864, 0.012], [0.000772, 0.00211, 0.001115, 0.000588, 0.002, 0.001643, 0.987085, 0.000832, 0.002707, 0.001149], [0.002966, 0.001516, 0.001368, 0.001003, 0.976842, 0.001264, 0.00258, 0.007784, 0.003846, 0.000832], [0.001864, 0.00871, 0.022812, 0.941121, 0.003467, 0.0036, 0.003284, 0.003585, 0.002628, 0.008927], [0.001645, 0.003023, 0.002678, 0.024751, 0.001516, 0.218325, 0.001254, 0.001318, 0.00288, 0.742611], [0.000178, 0.000613, 0.000154, 0.994571, 0.000272, 0.000209, 0.000181, 0.000314, 0.000239, 0.003269], [0.007198, 0.053937, 0.019716, 0.024132, 0.100982, 0.027768, 0.008692, 0.287262, 0.291461, 0.178853], [0.000697, 0.00067, 0.000741, 0.000498, 0.001197, 0.000363, 0.000816, 0.993942, 0.00081, 0.000267], [0.000972, 0.001657, 0.979358, 0.005888, 0.000753, 0.002167, 0.002158, 0.001431, 0.003466, 0.002151], [0.010111, 0.001456, 0.009035, 0.024431, 0.000804, 0.057068, 0.001282, 0.00214, 0.005615, 0.888058], [0.983882, 0.001043, 0.00092, 0.000842, 0.003344, 0.0031, 0.001368, 0.001659, 0.001791, 0.002051], [0.024369, 0.00947, 0.004027, 0.003189, 0.914459, 0.006114, 0.026151, 0.003183, 0.005734, 0.003304], [0.000112, 0.000121, 0.000166, 0.000595, 0.000575, 0.996232, 0.000197, 0.000242, 0.000378, 0.001382], [0.000466, 0.002907, 0.001222, 0.981287, 0.000792, 0.000438, 0.000778, 0.0018, 0.009122, 0.001188], [0.001554, 0.000915, 0.001712, 0.00101, 0.002716, 0.002492, 0.983679, 0.001237, 0.003393, 0.001293], [0.000649, 0.002136, 0.001264, 0.001799, 0.002186, 0.971351, 0.001777, 0.005684, 0.005281, 0.007873], [0.000581, 0.004222, 0.002653, 0.004585, 0.031168, 0.004884, 0.001856, 0.057134, 0.061638, 0.83128], [0.009417, 0.001604, 0.004906, 0.010138, 0.001433, 0.017085, 0.008413, 0.003521, 0.03614, 0.907343], [0.000219, 0.001442, 0.002859, 0.000239, 0.000671, 0.000439, 0.000485, 0.000524, 0.992632, 0.00049], [0.001225, 0.000275, 0.000341, 0.000291, 0.993343, 0.000644, 0.001597, 0.001438, 0.000644, 0.000203], [0.002547, 0.00236, 0.95357, 0.0143, 0.000892, 0.001959, 0.003893, 0.001694, 0.015624, 0.003161], [0.000376, 0.982578, 0.000703, 0.001199, 0.001633, 0.000782, 0.000804, 0.001505, 0.009667, 0.000753], [0.001228, 0.002458, 0.005667, 0.955303, 0.00131, 0.002293, 0.005471, 0.001464, 0.021443, 0.003363], [0.000592, 0.003971, 0.000586, 0.002809, 0.003371, 0.001884, 0.000717, 0.976139, 0.003628, 0.006302], [0.000511, 0.003914, 0.001931, 0.111051, 0.003467, 0.001476, 0.000657, 0.871156, 0.003566, 0.00227], [0.000536, 0.002309, 0.968506, 0.010428, 0.001957, 0.005597, 0.001166, 0.002792, 0.003704, 0.003004], [0.000508, 0.000841, 0.984799, 0.007508, 0.000655, 0.001325, 0.000911, 0.001592, 0.000794, 0.001066], [0.000189, 0.000163, 0.000154, 0.99375, 0.000278, 0.001271, 0.000264, 0.000248, 0.000452, 0.00323], [0.001649, 0.000756, 0.001177, 0.005651, 0.000681, 0.006208, 0.001051, 0.000891, 0.003797, 0.978139], [0.001304, 0.000286, 0.001392, 0.003953, 0.000326, 0.000534, 0.001471, 0.000731, 0.987623, 0.002382], [0.976556, 0.000943, 0.000911, 0.00147, 0.002197, 0.008461, 0.004328, 0.001005, 0.001983, 0.002147], [0.000306, 0.000197, 0.00019, 0.995932, 0.000237, 0.000211, 0.000131, 7.3e-05, 0.000498, 0.002226], [0.001282, 0.001897, 0.931211, 0.044606, 0.000945, 0.00204, 0.000921, 0.002879, 0.010025, 0.004194], [0.001785, 0.013677, 0.911687, 0.052257, 0.001783, 0.002368, 0.002505, 0.004429, 0.003824, 0.005684], [0.000107, 8.2e-05, 0.000242, 0.002161, 6.4e-05, 0.994811, 9.6e-05, 0.000105, 0.000459, 0.001873], [0.001066, 0.000695, 0.001014, 0.001041, 0.001066, 0.001625, 0.98936, 0.00072, 0.002396, 0.001016], [0.000234, 0.00018, 0.000331, 0.000846, 0.000277, 0.001765, 0.000275, 0.000401, 0.002317, 0.993371], [0.001043, 0.000344, 0.000267, 0.001105, 0.000409, 0.003825, 0.000235, 0.000393, 0.000997, 0.99138], [0.003932, 0.001961, 0.001947, 0.000678, 0.969616, 0.005127, 0.006871, 0.004346, 0.004442, 0.001081], [0.000761, 0.986, 0.000364, 0.000366, 0.005905, 0.000692, 0.002981, 0.000643, 0.001996, 0.000293], [0.023823, 0.013536, 0.066738, 0.012325, 0.016742, 0.793426, 0.022606, 0.015997, 0.028261, 0.006546], [0.004588, 0.003754, 0.001158, 0.00218, 0.93939, 0.008423, 0.002998, 0.006222, 0.01113, 0.020158], [0.001406, 0.001517, 0.977303, 0.006437, 0.000911, 0.001264, 0.002056, 0.002441, 0.004624, 0.002041], [0.001011, 0.00033, 0.003996, 0.963899, 0.000398, 0.008409, 0.000467, 0.000957, 0.000783, 0.019751], [0.003354, 0.005654, 0.001085, 0.001398, 0.001529, 0.001858, 0.971322, 0.000634, 0.010132, 0.003033], [0.001337, 0.001204, 0.001149, 0.000879, 0.978537, 0.00162, 0.002158, 0.003002, 0.007232, 0.002883], [0.000612, 0.000875, 0.000261, 0.000628, 0.000954, 0.000558, 0.000739, 0.000568, 0.992502, 0.002301], [0.000912, 0.000307, 0.000564, 0.00213, 0.000206, 0.989827, 0.000452, 0.0003, 0.000836, 0.004467], [0.000201, 0.000311, 0.000266, 0.001793, 0.000189, 0.018305, 0.00028, 0.000311, 0.003558, 0.974787], [0.000457, 0.00044, 0.000439, 0.003764, 0.000713, 0.980037, 0.000327, 0.000489, 0.002706, 0.010628], [0.000285, 0.000723, 0.000677, 0.001353, 0.000731, 0.000556, 0.000387, 0.993338, 0.000808, 0.001142], [0.000525, 0.065203, 0.016124, 0.023001, 0.01144, 0.001383, 0.002075, 0.006881, 0.871174, 0.002193], [0.000779, 0.001145, 0.001492, 0.02585, 0.000953, 0.017635, 0.001877, 0.000896, 0.011887, 0.937485], [0.000775, 0.000417, 0.000398, 0.000361, 0.994062, 0.00043, 0.001012, 0.001589, 0.000755, 0.000201], [0.000364, 0.000374, 0.001011, 0.001949, 7.9e-05, 6.2e-05, 0.000704, 0.000142, 0.993886, 0.001428], [0.00024, 0.992955, 0.001722, 0.000786, 0.000474, 0.000808, 0.000948, 0.00042, 0.000962, 0.000684], [5.1e-05, 5.7e-05, 0.00012, 0.000368, 0.000244, 0.997845, 5.7e-05, 0.000271, 0.000123, 0.000863], [0.009956, 0.002514, 0.003362, 0.001415, 0.944755, 0.00234, 0.008651, 0.014245, 0.009856, 0.002907], [0.008047, 0.000618, 0.000494, 0.000456, 0.975111, 0.003145, 0.00475, 0.00419, 0.002619, 0.00057], [0.000912, 0.000654, 0.00046, 0.001514, 0.002386, 0.020023, 0.000575, 0.001034, 0.003359, 0.969083], [0.003668, 0.001963, 0.000937, 0.001695, 0.002493, 0.007926, 0.974227, 0.000793, 0.003745, 0.002552], [0.001328, 0.953326, 0.004374, 0.001544, 0.002762, 0.000408, 0.002374, 0.002855, 0.029828, 0.001202], [0.000897, 0.001395, 0.005449, 0.014157, 0.002066, 0.001892, 0.001135, 0.008561, 0.956187, 0.008259], [0.003851, 0.001082, 0.000429, 0.002053, 0.00141, 0.002502, 0.983018, 0.000674, 0.002749, 0.002233], [0.972076, 0.001989, 0.002762, 0.001627, 0.004369, 0.002394, 0.00524, 0.001571, 0.00451, 0.003462], [0.002824, 0.001434, 0.000696, 0.001635, 0.971026, 0.005831, 0.001753, 0.003024, 0.004174, 0.007603], [0.001896, 0.001149, 0.001831, 0.003849, 0.002014, 0.979609, 0.002858, 0.002209, 0.002742, 0.001843], [0.000379, 0.000145, 0.996636, 0.000793, 0.000186, 0.000398, 0.00031, 0.000281, 0.000274, 0.000597], [0.000519, 0.000502, 0.000695, 0.000641, 0.001793, 0.000752, 0.000576, 0.991798, 0.001672, 0.001051], [0.000959, 0.079792, 0.002949, 0.004618, 0.85584, 0.004818, 0.029527, 0.008586, 0.008563, 0.004349], [0.000861, 0.000845, 0.00039, 0.001298, 0.000794, 0.001124, 0.990338, 0.000399, 0.003063, 0.000889], [0.00145, 0.00091, 0.000901, 0.000644, 0.990296, 0.000662, 0.002576, 0.001067, 0.000964, 0.000529], [0.00319, 0.01921, 0.005986, 0.004728, 0.002629, 0.876126, 0.006891, 0.02324, 0.04191, 0.01609], [0.002131, 0.000957, 0.000805, 0.000699, 0.000904, 0.000855, 0.990801, 0.000392, 0.001988, 0.000468], [0.965956, 0.001998, 0.001894, 0.002444, 0.001848, 0.004488, 0.004551, 0.001658, 0.008974, 0.00619], [0.000743, 0.000471, 0.000787, 0.910102, 0.00033, 0.011896, 0.000229, 0.000892, 0.000833, 0.073716], [0.000683, 0.001961, 0.985528, 0.001678, 0.000714, 0.001707, 0.001659, 0.00211, 0.002749, 0.00121], [0.000471, 0.001793, 0.002945, 0.979465, 0.000557, 0.000415, 0.000282, 0.000376, 0.001327, 0.012368], [0.001255, 0.0011, 0.000707, 0.000987, 0.000509, 0.000701, 0.991758, 0.000298, 0.002038, 0.000646], [0.000925, 0.001103, 0.006257, 0.00181, 0.001799, 0.000577, 0.001274, 0.982422, 0.00317, 0.000664], [0.001723, 0.962105, 0.002696, 0.006768, 0.002109, 0.003216, 0.002241, 0.001554, 0.007868, 0.00972], [0.020668, 0.004779, 0.004082, 0.014616, 0.00375, 0.816683, 0.007915, 0.002776, 0.011434, 0.113295], [0.002181, 0.92082, 0.035321, 0.005236, 0.001684, 0.005306, 0.006314, 0.001352, 0.01622, 0.005568], [0.000221, 0.000521, 0.000319, 0.000395, 0.995064, 0.000617, 0.000712, 0.001402, 0.000359, 0.000391], [0.000832, 0.001798, 0.000924, 0.000709, 0.002968, 0.000923, 0.000835, 0.989434, 0.00105, 0.000527], [0.001987, 0.000634, 0.000579, 0.002384, 0.003068, 0.005242, 0.97932, 0.001032, 0.004233, 0.00152], [0.008889, 0.012294, 0.006022, 0.052457, 0.010543, 0.352507, 0.007039, 0.018112, 0.339151, 0.192988], [0.004348, 0.109961, 0.164903, 0.053354, 0.006325, 0.006358, 0.013377, 0.009184, 0.621861, 0.010329], [0.000558, 0.000137, 0.000247, 0.000547, 0.000113, 0.996107, 0.000501, 0.000285, 0.000343, 0.001161], [0.003469, 0.007096, 0.002319, 0.002675, 0.028223, 0.918727, 0.005302, 0.002389, 0.013649, 0.016151], [0.000825, 0.960633, 0.004146, 0.00173, 0.002548, 0.0004, 0.021933, 0.001797, 0.005368, 0.000621], [0.078209, 0.020264, 0.00649, 0.010744, 0.07717, 0.302787, 0.427554, 0.010047, 0.039999, 0.026737], [0.003238, 0.039236, 0.834758, 0.013588, 0.006189, 0.004047, 0.00519, 0.005502, 0.058857, 0.029397], [0.000244, 0.000356, 0.000433, 0.000824, 0.000275, 0.000909, 0.000896, 0.000386, 0.994432, 0.001244], [0.000509, 0.000964, 0.000272, 0.002239, 0.00168, 0.00113, 0.001113, 0.002055, 0.984176, 0.005863], [0.000729, 0.005432, 0.00047, 0.001591, 0.021136, 0.009306, 0.001164, 0.017275, 0.018175, 0.924722], [0.000535, 0.003612, 0.000923, 0.017731, 0.005266, 0.086508, 0.000945, 0.008232, 0.024313, 0.851935], [0.000365, 0.000549, 0.000692, 0.008417, 0.001531, 0.00142, 0.000449, 0.980713, 0.002297, 0.003567], [0.00581, 0.00943, 0.003803, 0.002983, 0.008208, 0.010613, 0.938858, 0.004612, 0.011112, 0.004573], [0.000384, 0.000275, 0.994863, 0.00078, 0.000425, 0.001319, 0.000308, 0.000457, 0.000406, 0.000784], [0.000614, 0.000251, 0.992843, 0.001394, 0.00053, 0.001018, 0.000337, 0.00151, 0.000357, 0.001147], [0.000233, 0.002814, 0.991025, 0.001905, 0.000497, 0.000579, 0.000461, 0.000546, 0.000773, 0.001167], [0.001241, 0.000563, 0.001291, 0.983572, 0.001228, 0.000939, 0.001275, 0.001672, 0.004114, 0.004105], [0.012941, 0.006689, 0.001833, 0.00077, 0.917936, 0.020075, 0.029762, 0.006033, 0.003262, 0.000699], [0.000485, 0.000842, 0.001285, 0.00261, 0.00607, 0.001753, 0.000786, 0.00281, 0.971955, 0.011403], [0.000896, 0.004757, 0.005035, 0.021821, 0.008968, 0.010267, 0.000758, 0.029058, 0.900593, 0.017846], [0.000218, 0.00129, 0.000428, 0.991793, 0.000446, 0.000368, 0.000333, 0.001238, 0.001981, 0.001905], [0.006966, 0.004836, 0.010295, 0.002896, 0.006001, 0.005619, 0.948906, 0.002548, 0.009692, 0.002241], [0.983744, 0.000836, 0.00237, 0.001483, 0.000546, 0.002371, 0.003929, 0.000589, 0.001943, 0.002191], [0.003073, 0.008222, 0.014386, 0.056898, 0.003576, 0.005603, 0.006719, 0.01225, 0.049794, 0.839477], [0.001182, 0.002629, 0.003945, 0.004214, 0.00274, 0.001949, 0.001145, 0.970805, 0.006936, 0.004456], [0.001609, 0.005247, 0.001743, 0.006801, 0.005372, 0.007276, 0.001629, 0.908086, 0.033115, 0.029122], [0.982256, 0.00048, 0.000351, 0.000883, 0.001235, 0.00318, 0.006111, 0.000687, 0.00234, 0.002477], [0.000296, 0.993296, 0.000894, 0.000691, 0.001101, 0.00032, 0.000595, 0.000783, 0.00133, 0.000694], [0.90177, 0.007259, 0.002971, 0.006827, 0.008926, 0.018678, 0.004797, 0.003504, 0.013676, 0.031592], [0.005089, 0.000913, 0.00099, 0.000436, 0.983408, 0.00101, 0.004966, 0.001674, 0.001153, 0.000362], [0.003793, 0.001519, 0.001711, 0.004044, 0.000716, 0.961456, 0.003462, 0.001324, 0.002648, 0.019328], [0.001969, 0.942094, 0.003533, 0.001199, 0.002342, 0.001544, 0.006063, 0.000876, 0.037921, 0.002458], [0.000812, 0.001117, 0.001122, 0.001005, 0.003353, 0.979685, 0.001609, 0.001535, 0.004702, 0.00506], [0.000421, 6.7e-05, 0.000259, 0.99736, 0.000161, 0.000358, 0.000135, 0.000102, 0.000325, 0.000812], [0.002647, 0.001468, 0.000658, 0.00155, 0.002418, 0.008502, 0.975538, 0.000731, 0.003738, 0.002748], [0.986235, 0.000464, 0.002078, 0.001701, 0.000811, 0.001212, 0.001411, 0.001015, 0.002007, 0.003065], [0.001855, 0.003317, 0.000737, 0.001161, 0.982145, 0.001255, 0.002224, 0.004532, 0.001674, 0.0011], [0.000463, 0.980347, 0.005243, 0.004471, 0.000887, 0.0008, 0.001607, 0.000724, 0.00449, 0.000968], [0.991452, 0.000335, 0.000489, 0.000747, 0.000808, 0.00224, 0.001219, 0.000526, 0.001039, 0.001145], [0.872237, 0.00332, 0.004128, 0.009235, 0.00857, 0.036857, 0.012584, 0.006723, 0.020591, 0.025756], [0.009494, 0.00552, 0.011227, 0.907174, 0.001892, 0.002418, 0.005715, 0.003268, 0.010052, 0.043239], [0.00509, 0.001839, 0.002182, 0.001936, 0.00435, 0.001571, 0.976213, 0.001138, 0.004413, 0.001266], [0.004842, 0.00084, 0.001426, 0.00983, 0.00036, 0.973686, 0.000994, 0.00048, 0.001532, 0.006008], [0.001648, 0.000464, 0.000644, 0.001806, 0.001063, 0.003822, 0.00074, 0.000861, 0.002447, 0.986506], [0.000919, 0.006369, 0.002735, 0.002902, 0.006565, 0.000763, 0.001313, 0.975404, 0.002255, 0.000776], [0.000219, 0.000425, 0.001587, 0.994637, 0.000294, 0.000554, 0.000531, 0.000486, 0.000826, 0.000442], [0.002632, 0.000464, 0.000588, 0.009057, 0.001085, 0.965256, 0.003476, 0.008794, 0.004493, 0.004155], [0.003653, 0.002878, 0.004527, 0.007023, 0.002485, 0.923812, 0.003178, 0.002729, 0.0042, 0.045517], [0.000327, 0.000261, 0.000691, 0.008243, 0.00012, 0.001755, 0.000191, 0.000391, 0.001523, 0.986496], [0.001318, 0.001101, 0.001249, 0.003793, 0.001175, 0.063535, 0.000783, 0.001496, 0.002833, 0.922717], [0.008635, 0.007892, 0.001015, 0.002453, 0.024073, 0.004753, 0.0053, 0.004716, 0.928077, 0.013086], [0.000186, 7.1e-05, 0.000295, 0.001718, 0.001102, 0.989208, 0.000116, 0.001985, 0.00063, 0.004689], [0.00296, 0.000734, 0.003725, 0.972801, 0.001077, 0.005631, 0.001665, 0.002389, 0.003179, 0.005838], [0.000365, 0.00042, 0.002859, 0.993347, 0.000311, 0.000675, 0.000642, 0.000319, 0.000447, 0.000615], [0.002067, 0.003568, 0.975012, 0.001644, 0.001443, 0.000534, 0.004801, 0.001464, 0.008109, 0.001358], [0.975532, 0.000998, 0.001601, 0.001839, 0.001685, 0.007928, 0.002864, 0.001231, 0.001917, 0.004404], [0.00092, 0.007454, 0.000817, 0.001134, 0.006128, 0.950661, 0.004119, 0.005523, 0.012189, 0.011055], [0.000543, 0.002033, 0.001009, 0.00211, 0.000367, 0.000159, 0.008803, 0.000214, 0.982534, 0.002228], [0.000294, 8.9e-05, 0.000441, 0.99742, 0.00021, 0.000194, 0.000294, 0.000241, 0.000375, 0.000442], [0.00116, 0.001121, 0.000433, 0.000875, 0.989634, 0.000751, 0.001135, 0.002973, 0.001233, 0.000686], [0.987273, 0.000324, 0.000586, 0.001321, 0.001252, 0.002146, 0.003422, 0.00077, 0.001278, 0.001627], [0.001255, 0.004868, 0.964496, 0.014933, 0.00173, 0.002344, 0.002444, 0.00088, 0.002526, 0.004525], [0.000913, 0.000931, 0.000578, 0.000536, 0.982597, 0.007196, 0.001718, 0.002973, 0.001108, 0.00145], [0.001